rpm         time_msec
0         3143
0         3144
0         3145
0         3146
0         3146
0         3147
0         3148
0         3148
0         3149
0         3150
0         3150
0         3151
0         3151
0         3152
0         3152
0         3153
0         3154
0         3154
0         3155
0         3155
0         3156
0         3156
0         3157
0         3157
0         3158
0         3158
0         3159
0         3159
0         3159
0         3160
0         3160
0         3161
0         3161
0         3162
0         3162
0         3162
0         3163
0         3163
0         3164
0         3164
0         3164
0         3165
0         3165
0         3166
0         3166
0         3167
0         3167
0         3167
0         3168
0         3168
0         3169
0         3169
0         3170
0         3170
0         3171
0         3171
0         3172
0         3172
0         3173
0         3173
0         3174
0         3175
0         3175
0         3176
0         3176
0         3177
0         3177
0         3178
0         3178
0         3179
0         3179
0         3180
0         3180
0         3181
0         3181
0         3182
0         3190
449         3210
530         3231
621         3251
663         3271
719         3291
763         3312
770         3332
812         3352
797         3373
821         3393
812         3413
826         3433
842         3454
829         3474
854         3494
830         3515
847         3535
828         3555
837         3575
848         3596
837         3616
858         3636
833         3656
854         3677
830         3697
841         3717
847         3738
836         3758
859         3778
834         3798
860         3819
831         3839
841         3859
850         3879
838         3900
862         3920
833         3940
861         3961
832         3981
841         4001
845         4021
837         4042
857         4062
835         4082
859         4102
833         4123
839         4143
826         4163
836         4184
854         4204
